
$orca_opt_file

$trust
    0.300000000000

$epredict
    0.000000000000

$ediffsc
  1000.000000000000

$ctyp
  3

$coordinates
 5 12
  -4.28629571   3.86260022  -0.00000000  -6.50305785   5.45469449   0.00000000
  -1.79913266   4.98634476  -0.00000000  -4.55669663   1.14679920  -0.00000000

  -4.28633076   3.86273550  -0.00013845  -6.36252244   5.35351661   0.00004615
  -1.95675483   4.91496071   0.00004615  -4.53957483   1.31922585   0.00004615

  -4.28611904   3.86269930  -0.00015887  -6.28054522   5.29480192   0.00005297
  -2.04920697   4.87306867   0.00005295  -4.52931162   1.41986878   0.00005296

  -4.28638323   3.86273111  -0.00010988  -6.30801261   5.31449607   0.00003662
  -2.01798239   4.88727225   0.00003663  -4.53280462   1.38593924   0.00003663

  -4.28650951   3.86274261  -0.00015182  -6.30533966   5.31261107   0.00005060
  -2.02086046   4.88598464   0.00005061  -4.53247322   1.38910035   0.00005061


# redundant internal coordinates
#  nbonds nangles ndihedrals nimpropers ncartesians
# bond  definitions A B
# angle definitions A B C
# dihedral definitions A B C D
# improper torsion definitions A B C D
# cartesian definitions A x/y/z
$redundant_internals
 3 3 0 1 0
   1   0   0
   2   0   0
   3   0   0
   1   0   3   0   0
   2   0   3   0   0
   1   0   2   0   0
   1   3   2   0   0
$energies
 5
 -324.5903824164380467
 -324.6254746341519990
 -324.6285183510700563
 -324.6293274167821323
 -324.6293365051920432

$gradients
 5 12
   0.0000919127079444  -0.0001158811406592   0.0000251239608307  -0.0762676276007807
   0.0548613312324141  -0.0000102041278261   0.0854914740119934   0.0386725271236121
  -0.0000075379252605  -0.0093157591253181  -0.0934179772105097  -0.0000073819077391

  -0.0002748629596647   0.0000395369588073  -0.0000009696578799  -0.0285562153126241
   0.0204832281337349  -0.0000081837485650   0.0323167933555986   0.0146176265982817
   0.0000046157607455  -0.0034857150873527  -0.0351403916842986   0.0000045376457071

   0.0006058719401795  -0.0000939125280202  -0.0000062592090559   0.0143588160337394
  -0.0103401705537520  -0.0000094070778624  -0.0166987987295108  -0.0075386406040708
   0.0000073341936813   0.0017341107490286   0.0179727236976060   0.0000083320932435

   0.0001870276566378  -0.0000273305946425   0.0000053129922996  -0.0016029018280178
   0.0011250840060172  -0.0000132970879539   0.0016259856844485   0.0007489780807355
   0.0000059774790023  -0.0002101115244055  -0.0018467314850004   0.0000020066166532

   0.0000804666110680  -0.0000038430665140  -0.0000052042180375  -0.0000995898852238
   0.0000516464733136  -0.0000087318757391   0.0000524781318632   0.0000381336300632
   0.0000089870140976  -0.0000333548658555  -0.0000859370274870   0.0000049490796773


$redundant_coords
 5 7
   2.7292487129316281   2.7292456541185870   2.7292291608715495   2.0943988442425083
   2.0943996470397774   2.0943868158973005   0.0000000000000000
   2.5559734471847051   2.5561889473563650   2.5560856703656869   2.0942871731976518
   2.0942850559841966   2.0946130508942287   0.0002166533872338
   2.4553316968081864   2.4545105289533007   2.4549060247418537   2.0943089011874965
   2.0942734470109738   2.0946029202943950   0.0002588396260967
   2.4888967168336897   2.4890413705380809   2.4890201842002426   2.0944118473109539
   2.0941939199515400   2.0945795219137366   0.0001765658105468
   2.4855167975918020   2.4859987791045555   2.4858407402692642   2.0945067588605930
   2.0941155222606969   2.0945629915983757   0.0002442684393821

$redundant_gradients
 5 7
   0.0939495176543365   0.0938315231534967   0.0938813166963104   0.0000499423593705
   0.0000512484208328  -0.0001011907802033  -0.0000228563859023
   0.0351428473437882   0.0354689983223790   0.0353128467908499  -0.0000036038016684
   0.0000050588991203  -0.0000014536729966  -0.0000056925979096
  -0.0176944657087277  -0.0183215980931537  -0.0180561052026358  -0.0000647039116472
   0.0000477873375220   0.0000169139036259   0.0000089408378241
   0.0019582291674381   0.0017901456482694   0.0018584602646966  -0.0000392870730198
   0.0000328074899306   0.0000064805387363  -0.0000046828551055
   0.0001110173529599   0.0000635229612176   0.0000888157142866  -0.0000338325989918
   0.0000313554721830   0.0000024759164508   0.0000042942202109

$hessian_approx
 12 12
                  0          1          2          3          4          5    
      0       0.979690   0.000143   0.000020  -0.373712   0.153310  -0.000012
      1       0.000143   0.980881  -0.000007   0.157356  -0.273526   0.000004
      2       0.000020  -0.000007   0.068541  -0.000579   0.000417  -0.022847
      3      -0.373712   0.157356  -0.000579   0.371652  -0.191171   0.000286
      4       0.153310  -0.273526   0.000417  -0.191171   0.245054  -0.000206
      5      -0.000012   0.000004  -0.022847   0.000286  -0.000206   0.007616
      6      -0.443157  -0.124600   0.000622  -0.028529  -0.005561  -0.000304
      7      -0.127825  -0.216769   0.000279   0.022169   0.044595  -0.000136
      8      -0.000006   0.000002  -0.022847   0.000150  -0.000108   0.007616
      9      -0.162821  -0.032900  -0.000065   0.030590   0.043424   0.000033
     10      -0.025627  -0.490585  -0.000689   0.011645  -0.016123   0.000339
     11      -0.000001   0.000001  -0.022847   0.000142  -0.000103   0.007616
                  6          7          8          9         10         11    
      0      -0.443157  -0.127825  -0.000006  -0.162821  -0.025627  -0.000001
      1      -0.124600  -0.216769   0.000002  -0.032900  -0.490585   0.000001
      2       0.000622   0.000279  -0.022847  -0.000065  -0.000689  -0.022847
      3      -0.028529   0.022169   0.000150   0.030590   0.011645   0.000142
      4      -0.005561   0.044595  -0.000108   0.043424  -0.016123  -0.000103
      5      -0.000304  -0.000136   0.007616   0.000033   0.000339   0.007616
      6       0.449980   0.154157  -0.000161   0.021708  -0.023996  -0.000157
      7       0.154157   0.176272  -0.000072  -0.048502  -0.004098  -0.000069
      8      -0.000161  -0.000072   0.007615   0.000017   0.000179   0.007615
      9       0.021708  -0.048502   0.000017   0.110525   0.037979   0.000015
     10      -0.023996  -0.004098   0.000179   0.037979   0.510807   0.000173
     11      -0.000157  -0.000069   0.007615   0.000015   0.000173   0.007615

$bmatrix
 7 12
                  0          1          2          3          4          5    
      0       0.812238  -0.583327  -0.000081  -0.812238   0.583327   0.000081
      1      -0.911364  -0.411602  -0.000081   0.000000   0.000000   0.000000
      2       0.098946   0.995093  -0.000081   0.000000   0.000000   0.000000
      3      -0.634995  -0.286984   0.000114   0.234690   0.326788  -0.000057
      4       0.565872  -0.406402   0.000113   0.000000   0.000000   0.000000
      5       0.069122   0.693387   0.000114  -0.234690  -0.326788  -0.000057
      6       0.000080  -0.000057  -1.206667   0.000027  -0.000019   0.402331
                  6          7          8          9         10         11    
      0       0.000000   0.000000   0.000000   0.000000   0.000000   0.000000
      1       0.911364   0.411602   0.000081   0.000000   0.000000   0.000000
      2       0.000000   0.000000   0.000000  -0.098946  -0.995093   0.000081
      3       0.000000   0.000000   0.000000   0.400304  -0.039804  -0.000057
      4      -0.165568   0.366599  -0.000057  -0.400304   0.039804  -0.000057
      5       0.165568  -0.366599  -0.000057   0.000000   0.000000   0.000000
      6      -0.000053   0.000038   0.402162  -0.000053   0.000038   0.402174

